# Created by Octave 4.2.1, Thu Nov 02 14:51:21 2017 GMT <unknown@unknown>
# name: P0
# type: matrix
# rows: 1
# columns: 2
 0 0


# name: P1
# type: matrix
# rows: 1
# columns: 2
 100 100


# name: P2
# type: matrix
# rows: 1
# columns: 2
 150 0


# name: P3
# type: matrix
# rows: 1
# columns: 2
 200 100


